11 layer	
sx	zkk
-0.01340078	-0.1
-0.013053812	-0.099399039
-0.012707068	-0.098798077
-0.01236054	-0.098197115
-0.012014228	-0.097596154
-0.011668136	-0.096995192
-0.011322256	-0.096394231
-0.010976592	-0.095793269
-0.01063114	-0.095192308
-0.0102859	-0.094591346
-0.009940872	-0.093990385
-0.021904592	-0.093990385
-0.021111168	-0.093365385
-0.020318236	-0.092740385
-0.019525796	-0.092115385
-0.018733844	-0.091490385
-0.017942372	-0.090865385
-0.017151384	-0.090240385
-0.016360872	-0.089615385
-0.015570836	-0.088990385
-0.014781268	-0.088365385
-0.013992168	-0.087740385
-0.27839948	-0.087740385
-0.273184152	-0.086899039
-0.26797154	-0.086057692
-0.262761608	-0.085216346
-0.257554336	-0.084375
-0.2523497	-0.083533654
-0.247147668	-0.082692308
-0.241948216	-0.081850962
-0.236751316	-0.081009615
-0.231556944	-0.080168269
-0.226365076	-0.079326923
0.106881692	-0.079326923
0.109578816	-0.078485577
0.112273324	-0.077644231
0.114965248	-0.076802885
0.117654612	-0.075961538
0.120341448	-0.075120192
0.123025784	-0.074278846
0.125707644	-0.0734375
0.12838706	-0.072596154
0.131064056	-0.071754808
0.133738664	-0.070913462
-0.174915268	-0.070913462
-0.169748444	-0.070072115
-0.164583804	-0.069230769
-0.159421324	-0.068389423
-0.15426098	-0.067548077
-0.149102744	-0.066706731
-0.143946588	-0.065865385
-0.138792484	-0.065024038
-0.133640412	-0.064182692
-0.128490344	-0.063341346
-0.123342252	-0.0625
0.00094198	-0.0625
0.000780836	-0.057512019
0.000618964	-0.052524038
0.000456428	-0.047536058
0.000293292	-0.042548077
0.000129616	-0.037560096
-0.000034532	-0.032572115
-0.000199088	-0.027584135
-0.000363996	-0.022596154
-0.000529188	-0.017608173
-0.000694604	-0.012620192
-0.107379184	-0.012620192
-0.102233616	-0.011778846
-0.09708842	-0.0109375
-0.09194356	-0.010096154
-0.08679902	-0.009254808
-0.081654764	-0.008413462
-0.076510772	-0.007572115
-0.071367016	-0.006730769
-0.066223472	-0.005889423
-0.061080112	-0.005048077
-0.055936908	-0.004206731
-0.021390324	-0.004206731
-0.01874218	-0.003365385
-0.016094144	-0.002524039
-0.013446196	-0.001682692
-0.010798304	-0.000841346
-0.008150436	0
-0.005502572	0.000841346
-0.00285468	0.001682692
-0.000206728	0.002524039
0.002441304	0.003365385
0.005089448	0.004206731
-0.005010452	0.004206731
0.000132752	0.005048077
0.005276112	0.005889423
0.01041966	0.006730769
0.015563412	0.007572115
0.020707404	0.008413462
0.02585166	0.009254808
0.0309962	0.010096154
0.03614106	0.0109375
0.041286256	0.011778846
0.046431824	0.012620192
0.000387504	0.012620192
0.000222088	0.017608173
0.000056896	0.022596154
-0.000108008	0.027584135
-0.000272568	0.032572115
-0.000436716	0.037560096
-0.000600388	0.042548077
-0.000763524	0.047536058
-0.00092606	0.052524038
-0.001087932	0.057512019
-0.00124908	0.0625
0.062394892	0.0625
0.067542984	0.063341346
0.072693056	0.064182692
0.077845128	0.065024038
0.082999228	0.065865385
0.088155384	0.066706731
0.09331362	0.067548077
0.098473964	0.068389423
0.103636444	0.069230769
0.108801084	0.070072115
0.113967908	0.070913462
-0.15003954	0.070913462
-0.147364932	0.071754808
-0.144687936	0.072596154
-0.14200852	0.0734375
-0.13932666	0.074278846
-0.136642324	0.075120192
-0.133955488	0.075961538
-0.131266124	0.076802885
-0.1285742	0.077644231
-0.125879688	0.078485577
-0.123182568	0.079326923
0.165417716	0.079326923
0.170609584	0.080168269
0.175803956	0.081009615
0.181000856	0.081850962
0.186200308	0.082692308
0.19140234	0.083533654
0.196606976	0.084375
0.201814248	0.085216346
0.20702418	0.086057692
0.212236792	0.086899039
0.21745212	0.087740385
0.004521712	0.087740385
0.005310812	0.088365385
0.00610038	0.088990385
0.00689042	0.089615385
0.007680932	0.090240385
0.00847192	0.090865385
0.009263388	0.091490385
0.010055344	0.092115385
0.010847784	0.092740385
0.011640712	0.093365385
0.01243414	0.093990385
0.005642932	0.093990385
0.005987964	0.094591346
0.006333204	0.095192308
0.006678656	0.095793269
0.00702432	0.096394231
0.0073702	0.096995192
0.007716292	0.097596154
0.0080626	0.098197115
0.008409128	0.098798077
0.008755876	0.099399039
0.009102844	0.1


5 layer	
sx	zkk
-0.015501352	-0.1
-0.015144232	-0.099399039
-0.014787356	-0.098798077
-0.014430712	-0.098197115
-0.014074312	-0.097596154
-0.013718144	-0.096995192
-0.013362208	-0.096394231
-0.013006508	-0.095793269
-0.012651036	-0.095192308
-0.012295796	-0.094591346
-0.011940784	-0.093990385
-0.026311376	-0.093990385
-0.025494836	-0.093365385
-0.024678832	-0.092740385
-0.023863364	-0.092115385
-0.023048424	-0.091490385
-0.022234012	-0.090865385
-0.02142012	-0.090240385
-0.020606744	-0.089615385
-0.019793888	-0.088990385
-0.01898154	-0.088365385
-0.0181697	-0.087740385
-0.303333868	-0.087740385
-0.287145972	-0.085216346
-0.27098126	-0.082692308
-0.254839044	-0.080168269
-0.238718644	-0.077644231
-0.222619372	-0.075120192
-0.206540536	-0.072596154
-0.190481456	-0.070072115
-0.174441436	-0.067548077
-0.1584198	-0.065024038
-0.142415852	-0.0625
0.000834708	-0.0625
0.000684256	-0.057512019
0.000533004	-0.052524038
0.00038102	-0.047536058
0.000228372	-0.042548077
0.000075136	-0.037560096
-0.000078628	-0.032572115
-0.00023284	-0.027584135
-0.00038744	-0.022596154
-0.000542352	-0.017608173
-0.000697512	-0.012620192
-0.04766432	-0.012620192
-0.03951298	-0.010096154
-0.031365112	-0.007572115
-0.023219848	-0.005048077
-0.01507632	-0.002524039
-0.00693366	0
0.001209	0.002524039
0.009352528	0.005048077
0.017497792	0.007572115
0.02564566	0.010096154
0.033797	0.012620192
0.00041732	0.012620192
0.00026216	0.017608173
0.000107248	0.022596154
-0.000047352	0.027584135
-0.000201568	0.032572115
-0.000355328	0.037560096
-0.000508568	0.042548077
-0.000661212	0.047536058
-0.000813196	0.052524038
-0.000964448	0.057512019
-0.0011149	0.0625
0.083976856	0.0625
0.0999808	0.065024038
0.11600244	0.067548077
0.132042456	0.070072115
0.14810154	0.072596154
0.164180372	0.075120192
0.180279648	0.077644231
0.196400048	0.080168269
0.21254226	0.082692308
0.228706972	0.085216346
0.244894872	0.087740385
0.009423484	0.087740385
0.01023532	0.088365385
0.011047668	0.088990385
0.011860528	0.089615385
0.0126739	0.090240385
0.013487792	0.090865385
0.014302204	0.091490385
0.015117144	0.092115385
0.015932616	0.092740385
0.016748616	0.093365385
0.017565156	0.093990385
0.00797152	0.093990385
0.008326536	0.094591346
0.008681776	0.095192308
0.009037248	0.095793269
0.009392948	0.096394231
0.009748884	0.096995192
0.010105052	0.097596154
0.010461452	0.098197115
0.010818092	0.098798077
0.011174972	0.099399039
0.011532092	0.1


3  layer	
sx	zkk
-0.109503844	-0.1
-0.108892476	-0.099399039
-0.108281076	-0.098798077
-0.107669648	-0.098197115
-0.107058184	-0.097596154
-0.106446688	-0.096995192
-0.105835164	-0.096394231
-0.105223608	-0.095793269
-0.10461202	-0.095192308
-0.1040004	-0.094591346
-0.103388752	-0.093990385
-0.227815908	-0.093990385
-0.226414636	-0.093365385
-0.225013292	-0.092740385
-0.223611876	-0.092115385
-0.222210388	-0.091490385
-0.220808828	-0.090865385
-0.219407204	-0.090240385
-0.218005504	-0.089615385
-0.21660374	-0.088990385
-0.215201904	-0.088365385
-0.2138	-0.087740385
-0.507520104	-0.087740385
-0.49316382	-0.085216346
-0.478806044	-0.082692308
-0.464446824	-0.080168269
-0.4500862	-0.077644231
-0.43572422	-0.075120192
-0.421360928	-0.072596154
-0.406996368	-0.070072115
-0.39263058	-0.067548077
-0.378263612	-0.065024039
-0.363895508	-0.0625
-0.005362824	-0.0625
-0.004404312	-0.05
-0.003445312	-0.0375
-0.002485952	-0.025
-0.001526348	-0.0125
-0.00056662	0
0.000393104	0.0125
0.001352708	0.025
0.002312068	0.0375
0.003271068	0.05
0.00422958	0.0625
0.289052164	0.0625
0.303420272	0.065024039
0.31778724	0.067548077
0.332153024	0.070072115
0.346517588	0.072596154
0.36088088	0.075120192
0.37524286	0.077644231
0.38960348	0.080168269
0.403962704	0.082692308
0.418320476	0.085216346
0.432676764	0.087740385
0.180394144	0.087740385
0.181796044	0.088365385
0.18319788	0.088990385
0.184599644	0.089615385
0.186001344	0.090240385
0.187402972	0.090865385
0.188804528	0.091490385
0.190206016	0.092115385
0.191607432	0.092740385
0.193008776	0.093365385
0.194410052	0.093990385
0.088228308	0.093990385
0.088839956	0.094591346
0.089451576	0.095192308
0.090063164	0.095793269
0.09067472	0.096394231
0.091286248	0.096995192
0.09189774	0.097596154
0.092509204	0.098197115
0.093120636	0.098798077
0.093732036	0.099399039
0.0943434	0.1
