11 layer:
sxy	zkk
-0.007448028	-0.1
-0.007368876	-0.099399039
-0.007289756	-0.098798077
-0.007210672	-0.098197115
-0.007131616	-0.097596154
-0.007052596	-0.096995192
-0.006973604	-0.096394231
-0.006894648	-0.095793269
-0.00681572	-0.095192308
-0.006736824	-0.094591346
-0.00665796	-0.093990385
-0.019298432	-0.093990385
-0.01906016	-0.093365385
-0.018821984	-0.092740385
-0.018583904	-0.092115385
-0.01834592	-0.091490385
-0.018108028	-0.090865385
-0.017870232	-0.090240385
-0.017632528	-0.089615385
-0.017394912	-0.088990385
-0.017157392	-0.088365385
-0.01691996	-0.087740385
-0.00845998	-0.087740385
-0.008300172	-0.086899039
-0.008140444	-0.086057692
-0.007980796	-0.085216346
-0.007821228	-0.084375
-0.007661736	-0.083533654
-0.007502324	-0.082692308
-0.007342992	-0.081850962
-0.007183732	-0.081009615
-0.007024548	-0.080168269
-0.00686544	-0.079326923
-0.00686544	-0.079326923
-0.006707332	-0.078485577
-0.0065493	-0.077644231
-0.006391336	-0.076802885
-0.006233448	-0.075961538
-0.006075628	-0.075120192
-0.00591788	-0.074278846
-0.0057602	-0.0734375
-0.005602588	-0.072596154
-0.005445044	-0.071754808
-0.005287568	-0.070913462
-0.005287568	-0.070913462
-0.00512924	-0.070072115
-0.00497098	-0.069230769
-0.004812784	-0.068389423
-0.004654648	-0.067548077
-0.00449658	-0.066706731
-0.004338572	-0.065865385
-0.004180624	-0.065024038
-0.004022736	-0.064182692
-0.003864912	-0.063341346
-0.003707144	-0.0625
-0.000157552	-0.0625
-0.0001547	-0.057512019
-0.000151924	-0.052524038
-0.000149224	-0.047536058
-0.000146592	-0.042548077
-0.000144016	-0.037560096
-0.000141492	-0.032572115
-0.000139012	-0.027584135
-0.000136572	-0.022596154
-0.000134164	-0.017608173
-0.000131784	-0.012620192
-0.003100756	-0.012620192
-0.002943064	-0.011778846
-0.00278538	-0.0109375
-0.002627708	-0.010096154
-0.002470048	-0.009254808
-0.002312396	-0.008413462
-0.002154748	-0.007572115
-0.001997112	-0.006730769
-0.00183948	-0.005889423
-0.001681852	-0.005048077
-0.001524232	-0.004206731
-0.001524232	-0.004206731
-0.001367964	-0.003365385
-0.0012117	-0.002524039
-0.00105544	-0.001682692
-0.00089918	-0.000841346
-0.00074292	0
-0.000586664	0.000841346
-0.000430404	0.001682692
-0.000274144	0.002524039
-0.00011788	0.003365385
0.000038388	0.004206731
0.000038388	0.004206731
0.000196008	0.005048077
0.000353636	0.005889423
0.000511268	0.006730769
0.000668908	0.007572115
0.000826552	0.008413462
0.000984204	0.009254808
0.001141868	0.010096154
0.001299536	0.0109375
0.00145722	0.011778846
0.001614912	0.012620192
0.000068632	0.012620192
0.000071016	0.017608173
0.000073424	0.022596154
0.000075864	0.027584135
0.000078344	0.032572115
0.000080868	0.037560096
0.00008344	0.042548077
0.000086076	0.047536058
0.000088776	0.052524038
0.000091552	0.057512019
0.000094404	0.0625
0.0022213	0.0625
0.002379068	0.063341346
0.002536892	0.064182692
0.00269478	0.065024038
0.002852728	0.065865385
0.003010736	0.066706731
0.003168808	0.067548077
0.00332694	0.068389423
0.003485136	0.069230769
0.0036434	0.070072115
0.003801724	0.070913462
0.003801724	0.070913462
0.003959204	0.071754808
0.004116748	0.072596154
0.004274356	0.0734375
0.004432036	0.074278846
0.004589788	0.075120192
0.004747604	0.075961538
0.004905496	0.076802885
0.005063456	0.077644231
0.005221488	0.078485577
0.005379596	0.079326923
0.005379596	0.079326923
0.005538704	0.080168269
0.005697888	0.081009615
0.005857148	0.081850962
0.006016484	0.082692308
0.006175896	0.083533654
0.006335384	0.084375
0.006494952	0.085216346
0.0066546	0.086057692
0.006814328	0.086899039
0.006974136	0.087740385
0.013948276	0.087740385
0.014185704	0.088365385
0.014423228	0.088990385
0.01466084	0.089615385
0.014898544	0.090240385
0.015136344	0.090865385
0.015374232	0.091490385
0.01561222	0.092115385
0.0158503	0.092740385
0.016088472	0.093365385
0.016326744	0.093990385
0.005632728	0.093990385
0.005711592	0.094591346
0.005790488	0.095192308
0.005869416	0.095793269
0.005948372	0.096394231
0.006027364	0.096995192
0.006106384	0.097596154
0.00618544	0.098197115
0.006264524	0.098798077
0.006343644	0.099399039
0.006422796	0.1


5 layer:
	Number
sxy	zkk
-0.006907584	-0.1
-0.006827756	-0.099399039
-0.006747964	-0.098798077
-0.006668212	-0.098197115
-0.006588492	-0.097596154
-0.006508808	-0.096995192
-0.00642916	-0.096394231
-0.006349548	-0.095793269
-0.006269968	-0.095192308
-0.006190424	-0.094591346
-0.006110916	-0.093990385
-0.017712796	-0.093990385
-0.017472528	-0.093365385
-0.01723236	-0.092740385
-0.016992304	-0.092115385
-0.016752348	-0.091490385
-0.016512496	-0.090865385
-0.016272748	-0.090240385
-0.016033104	-0.089615385
-0.01579356	-0.088990385
-0.01555412	-0.088365385
-0.01531478	-0.087740385
-0.007657388	-0.087740385
-0.007174352	-0.085216346
-0.006692108	-0.082692308
-0.006210628	-0.080168269
-0.005729892	-0.077644231
-0.005249876	-0.075120192
-0.00477056	-0.072596154
-0.004291912	-0.070072115
-0.003813916	-0.067548077
-0.003336548	-0.065024038
-0.00285978	-0.0625
-0.00012154	-0.0625
-0.000122216	-0.057512019
-0.000122984	-0.052524038
-0.000123828	-0.047536058
-0.000124748	-0.042548077
-0.000125732	-0.037560096
-0.000126776	-0.032572115
-0.000127868	-0.027584135
-0.000129	-0.022596154
-0.000130172	-0.017608173
-0.000131368	-0.012620192
-0.003091028	-0.012620192
-0.002617888	-0.010096154
-0.002144844	-0.007572115
-0.001671868	-0.005048077
-0.00119894	-0.002524039
-0.000726036	0
-0.000253132	0.002524039
0.000219796	0.005048077
0.000692772	0.007572115
0.001165816	0.010096154
0.001638956	0.012620192
0.000069656	0.012620192
0.00006846	0.017608173
0.000067288	0.022596154
0.000066152	0.027584135
0.00006506	0.032572115
0.00006402	0.037560096
0.000063036	0.042548077
0.000062116	0.047536058
0.000061268	0.052524038
0.000060504	0.057512019
0.000059828	0.0625
0.001407712	0.0625
0.001884476	0.065024038
0.002361844	0.067548077
0.00283984	0.070072115
0.003318488	0.072596154
0.003797804	0.075120192
0.00427782	0.077644231
0.004758556	0.080168269
0.005240036	0.082692308
0.00572228	0.085216346
0.006205316	0.087740385
0.012410636	0.087740385
0.012649976	0.088365385
0.012889416	0.088990385
0.01312896	0.089615385
0.013368604	0.090240385
0.013608352	0.090865385
0.013848204	0.091490385
0.01408816	0.092115385
0.014328216	0.092740385
0.014568384	0.093365385
0.014808656	0.093990385
0.005108984	0.093990385
0.005188496	0.094591346
0.00526804	0.095192308
0.005347616	0.095793269
0.005427232	0.096394231
0.00550688	0.096995192
0.005586564	0.097596154
0.00566628	0.098197115
0.005746036	0.098798077
0.005825828	0.099399039
0.005905652	0.1


3 layer:
	Number
sxy	zkk
-0.018790632	-0.1
-0.018698664	-0.099399039
-0.018606684	-0.098798077
-0.0185147	-0.098197115
-0.018422704	-0.097596154
-0.0183307	-0.096995192
-0.018238688	-0.096394231
-0.018146664	-0.095793269
-0.018054636	-0.095192308
-0.017962596	-0.094591346
-0.017870548	-0.093990385
-0.051798692	-0.093990385
-0.051521364	-0.093365385
-0.051244008	-0.092740385
-0.050966628	-0.092115385
-0.05068922	-0.091490385
-0.050411784	-0.090865385
-0.050134324	-0.090240385
-0.04985684	-0.089615385
-0.049579328	-0.088990385
-0.049301792	-0.088365385
-0.049024228	-0.087740385
-0.024512116	-0.087740385
-0.023951144	-0.085216346
-0.023389972	-0.082692308
-0.022828612	-0.080168269
-0.022267064	-0.077644231
-0.021705336	-0.075120192
-0.021143436	-0.072596154
-0.020581364	-0.070072115
-0.020019132	-0.067548077
-0.01945674	-0.065024039
-0.0188942	-0.0625
-0.000803004	-0.0625
-0.000660072	-0.05
-0.000517016	-0.0375
-0.000373872	-0.025
-0.000230668	-0.0125
-0.000087432	0
0.000055804	0.0125
0.000199008	0.025
0.000342152	0.0375
0.000485208	0.05
0.00062814	0.0625
0.014779744	0.0625
0.015342284	0.065024039
0.015904676	0.067548077
0.016466908	0.070072115
0.01702898	0.072596154
0.01759088	0.075120192
0.018152608	0.077644231
0.018714156	0.080168269
0.019275516	0.082692308
0.019836688	0.085216346
0.02039766	0.087740385
0.040795316	0.087740385
0.041072876	0.088365385
0.041350416	0.088990385
0.041627924	0.089615385
0.041905412	0.090240385
0.042182872	0.090865385
0.042460304	0.091490385
0.042737716	0.092115385
0.043015096	0.092740385
0.043292452	0.093365385
0.04356978	0.093990385
0.015031576	0.093990385
0.01512362	0.094591346
0.01521566	0.095192308
0.015307692	0.095793269
0.015399712	0.096394231
0.015491724	0.096995192
0.015583728	0.097596154
0.015675724	0.098197115
0.015767712	0.098798077
0.015859688	0.099399039
0.015951656	0.1

