11 Layer	
sxz	zkk
0	-0.1
0.00001176	-0.099399039
0.00002344	-0.098798077
0.00003506	-0.098197115
0.0000466	-0.097596154
0.00005808	-0.096995192
0.00006948	-0.096394231
0.00008082	-0.095793269
0.00009208	-0.095192308
0.00010326	-0.094591346
0.00011438	-0.093990385
0.00011438	-0.093990385
0.00014768	-0.093365385
0.00018076	-0.092740385
0.00021362	-0.092115385
0.00024626	-0.091490385
0.00027868	-0.090865385
0.00031086	-0.090240385
0.00034284	-0.089615385
0.00037458	-0.088990385
0.00040612	-0.088365385
0.00043742	-0.087740385
0.00043742	-0.087740385
0.00048234	-0.086899039
0.00052682	-0.086057692
0.00057088	-0.085216346
0.0006145	-0.084375
0.0006577	-0.083533654
0.00070046	-0.082692308
0.00074278	-0.081850962
0.00078466	-0.081009615
0.00082612	-0.080168269
0.00086716	-0.079326923
0.00086716	-0.079326923
0.00088604	-0.078485577
0.00090472	-0.077644231
0.00092318	-0.076802885
0.00094146	-0.075961538
0.00095954	-0.075120192
0.00097742	-0.074278846
0.00099508	-0.0734375
0.00101256	-0.072596154
0.00102982	-0.071754808
0.0010469	-0.070913462
0.0010469	-0.070913462
0.00108316	-0.070072115
0.001119	-0.069230769
0.0011544	-0.068389423
0.00118936	-0.067548077
0.0012239	-0.066706731
0.001258	-0.065865385
0.00129166	-0.065024038
0.0013249	-0.064182692
0.0013577	-0.063341346
0.00139008	-0.0625
0.00139008	-0.0625
0.00139368	-0.057512019
0.001397	-0.052524038
0.00140002	-0.047536058
0.00140274	-0.042548077
0.00140516	-0.037560096
0.00140726	-0.032572115
0.00140908	-0.027584135
0.0014106	-0.022596154
0.0014118	-0.017608173
0.00141272	-0.012620192
0.00141272	-0.012620192
0.001419	-0.011778846
0.00142484	-0.0109375
0.00143024	-0.010096154
0.00143522	-0.009254808
0.00143976	-0.008413462
0.00144388	-0.007572115
0.00144756	-0.006730769
0.0014508	-0.005889423
0.00145362	-0.005048077
0.001456	-0.004206731
0.001456	-0.004206731
0.0014569	-0.003365385
0.0014576	-0.002524039
0.00145812	-0.001682692
0.00145842	-0.000841346
0.00145852	0
0.00145842	0.000841346
0.00145812	0.001682692
0.0014576	0.002524039
0.0014569	0.003365385
0.001456	0.004206731
0.001456	0.004206731
0.00145362	0.005048077
0.0014508	0.005889423
0.00144756	0.006730769
0.00144388	0.007572115
0.00143976	0.008413462
0.00143522	0.009254808
0.00143024	0.010096154
0.00142484	0.0109375
0.001419	0.011778846
0.00141272	0.012620192
0.00141272	0.012620192
0.0014118	0.017608173
0.0014106	0.022596154
0.00140908	0.027584135
0.00140726	0.032572115
0.00140516	0.037560096
0.00140274	0.042548077
0.00140002	0.047536058
0.001397	0.052524038
0.00139368	0.057512019
0.00139008	0.0625
0.00139008	0.0625
0.0013577	0.063341346
0.0013249	0.064182692
0.00129166	0.065024038
0.001258	0.065865385
0.0012239	0.066706731
0.00118936	0.067548077
0.0011544	0.068389423
0.001119	0.069230769
0.00108316	0.070072115
0.0010469	0.070913462
0.0010469	0.070913462
0.00102982	0.071754808
0.00101256	0.072596154
0.00099508	0.0734375
0.00097742	0.074278846
0.00095954	0.075120192
0.00094146	0.075961538
0.00092318	0.076802885
0.00090472	0.077644231
0.00088604	0.078485577
0.00086716	0.079326923
0.00086716	0.079326923
0.00082612	0.080168269
0.00078466	0.081009615
0.00074278	0.081850962
0.00070046	0.082692308
0.0006577	0.083533654
0.0006145	0.084375
0.00057088	0.085216346
0.00052682	0.086057692
0.00048234	0.086899039
0.00043742	0.087740385
0.00043742	0.087740385
0.00040612	0.088365385
0.00037458	0.088990385
0.00034284	0.089615385
0.00031086	0.090240385
0.00027868	0.090865385
0.00024626	0.091490385
0.00021362	0.092115385
0.00018076	0.092740385
0.00014768	0.093365385
0.00011438	0.093990385
0.00011438	0.093990385
0.00010326	0.094591346
0.00009208	0.095192308
0.00008082	0.095793269
0.00006948	0.096394231
0.00005808	0.096995192
0.0000466	0.097596154
0.00003506	0.098197115
0.00002344	0.098798077
0.00001176	0.099399039
0	0.1





5 Layer	
sxz	zkk
0	-0.1
0.00001042	-0.099399039
0.00002078	-0.098798077
0.00003108	-0.098197115
0.00004132	-0.097596154
0.0000515	-0.096995192
0.00006162	-0.096394231
0.00007166	-0.095793269
0.00008164	-0.095192308
0.00009158	-0.094591346
0.00010144	-0.093990385
0.00010144	-0.093990385
0.00013096	-0.093365385
0.0001603	-0.092740385
0.00018944	-0.092115385
0.00021838	-0.091490385
0.00024712	-0.090865385
0.00027566	-0.090240385
0.00030402	-0.089615385
0.00033216	-0.088990385
0.00036012	-0.088365385
0.00038788	-0.087740385
0.00038788	-0.087740385
0.00050622	-0.085216346
0.00062112	-0.082692308
0.00073256	-0.080168269
0.00084056	-0.077644231
0.00094508	-0.075120192
0.00104616	-0.072596154
0.0011438	-0.070072115
0.00123796	-0.067548077
0.00132868	-0.065024038
0.00141594	-0.0625
0.00141594	-0.0625
0.00141914	-0.057512019
0.00142208	-0.052524038
0.00142476	-0.047536058
0.00142718	-0.042548077
0.00142932	-0.037560096
0.00143118	-0.032572115
0.0014328	-0.027584135
0.00143414	-0.022596154
0.00143522	-0.017608173
0.00143602	-0.012620192
0.00143602	-0.012620192
0.00144326	-0.010096154
0.00144888	-0.007572115
0.0014529	-0.005048077
0.0014553	-0.002524039
0.0014561	0
0.0014553	0.002524039
0.0014529	0.005048077
0.00144888	0.007572115
0.00144326	0.010096154
0.00143602	0.012620192
0.00143602	0.012620192
0.00143522	0.017608173
0.00143414	0.022596154
0.0014328	0.027584135
0.00143118	0.032572115
0.00142932	0.037560096
0.00142718	0.042548077
0.00142476	0.047536058
0.00142208	0.052524038
0.00141914	0.057512019
0.00141594	0.0625
0.00141594	0.0625
0.00132868	0.065024038
0.00123796	0.067548077
0.0011438	0.070072115
0.00104616	0.072596154
0.00094508	0.075120192
0.00084056	0.077644231
0.00073256	0.080168269
0.00062112	0.082692308
0.00050622	0.085216346
0.00038788	0.087740385
0.00038788	0.087740385
0.00036012	0.088365385
0.00033216	0.088990385
0.00030402	0.089615385
0.00027566	0.090240385
0.00024712	0.090865385
0.00021838	0.091490385
0.00018944	0.092115385
0.0001603	0.092740385
0.00013096	0.093365385
0.00010144	0.093990385
0.00010144	0.093990385
0.00009158	0.094591346
0.00008164	0.095192308
0.00007166	0.095793269
0.00006162	0.096394231
0.0000515	0.096995192
0.00004132	0.097596154
0.00003108	0.098197115
0.00002078	0.098798077
0.00001042	0.099399039
0	0.1

3 Layer	
sxz	zkk
0	-0.1
0.00001662	-0.099399039
0.00003312	-0.098798077
0.00004954	-0.098197115
0.00006584	-0.097596154
0.00008206	-0.096995192
0.00009818	-0.096394231
0.00011418	-0.095793269
0.0001301	-0.095192308
0.0001459	-0.094591346
0.00016162	-0.093990385
0.00016162	-0.093990385
0.00020866	-0.093365385
0.0002554	-0.092740385
0.00030184	-0.092115385
0.00034794	-0.091490385
0.00039374	-0.090865385
0.00043922	-0.090240385
0.00048438	-0.089615385
0.00052924	-0.088990385
0.00057378	-0.088365385
0.00061802	-0.087740385
0.00061802	-0.087740385
0.00070572	-0.085216346
0.00079086	-0.082692308
0.00087346	-0.080168269
0.00095348	-0.077644231
0.00103096	-0.075120192
0.00110586	-0.072596154
0.0011782	-0.070072115
0.001248	-0.067548077
0.00131522	-0.065024039
0.0013799	-0.0625
0.0013799	-0.0625
0.0013919	-0.05
0.00140124	-0.0375
0.00140792	-0.025
0.00141192	-0.0125
0.00141324	0
0.00141192	0.0125
0.00140792	0.025
0.00140124	0.0375
0.0013919	0.05
0.0013799	0.0625
0.0013799	0.0625
0.00131522	0.065024039
0.001248	0.067548077
0.0011782	0.070072115
0.00110586	0.072596154
0.00103096	0.075120192
0.00095348	0.077644231
0.00087346	0.080168269
0.00079086	0.082692308
0.00070572	0.085216346
0.00061802	0.087740385
0.00061802	0.087740385
0.00057378	0.088365385
0.00052924	0.088990385
0.00048438	0.089615385
0.00043922	0.090240385
0.00039374	0.090865385
0.00034794	0.091490385
0.00030184	0.092115385
0.0002554	0.092740385
0.00020866	0.093365385
0.00016162	0.093990385
0.00016162	0.093990385
0.0001459	0.094591346
0.0001301	0.095192308
0.00011418	0.095793269
0.00009818	0.096394231
0.00008206	0.096995192
0.00006584	0.097596154
0.00004954	0.098197115
0.00003312	0.098798077
0.00001662	0.099399039
0	0.1
