11 layer	
sy	zkk
0.033528392	-0.1
0.033788876	-0.099399039
0.034049004	-0.098798077
0.034308776	-0.098197115
0.034568196	-0.097596154
0.034827268	-0.096995192
0.035085988	-0.096394231
0.035344368	-0.095793269
0.0356024	-0.095192308
0.035860096	-0.094591346
0.036117448	-0.093990385
0.07958438	-0.093990385
0.080178572	-0.093365385
0.080771964	-0.092740385
0.081364564	-0.092115385
0.08195638	-0.091490385
0.082547412	-0.090865385
0.083137668	-0.090240385
0.083727156	-0.089615385
0.084315876	-0.088990385
0.084903836	-0.088365385
0.08549104	-0.087740385
0.148025604	-0.087740385
0.149394944	-0.086899039
0.150761956	-0.086057692
0.15212666	-0.085216346
0.15348908	-0.084375
0.15484924	-0.083533654
0.15620716	-0.082692308
0.157562864	-0.081850962
0.158916376	-0.081009615
0.160267716	-0.080168269
0.161616908	-0.079326923
0.20130068	-0.079326923
0.203051204	-0.078485577
0.204799072	-0.077644231
0.206544312	-0.076802885
0.208286956	-0.075961538
0.210027028	-0.075120192
0.21176456	-0.074278846
0.213499576	-0.0734375
0.215232112	-0.072596154
0.216962192	-0.071754808
0.21868984	-0.070913462
0.175218208	-0.070913462
0.17652332	-0.070072115
0.177826556	-0.069230769
0.179127936	-0.068389423
0.180427484	-0.067548077
0.181725224	-0.066706731
0.183021176	-0.065865385
0.18431536	-0.065024038
0.185607804	-0.064182692
0.186898524	-0.063341346
0.188187552	-0.0625
0.0037195	-0.0625
0.003236528	-0.057512019
0.002752484	-0.052524038
0.00226746	-0.047536058
0.001781548	-0.042548077
0.001294844	-0.037560096
0.00080744	-0.032572115
0.000319424	-0.027584135
-0.0001691	-0.022596154
-0.000658048	-0.017608173
-0.001147324	-0.012620192
-0.0580723	-0.012620192
-0.056785408	-0.011778846
-0.055498832	-0.0109375
-0.054212548	-0.010096154
-0.052926536	-0.009254808
-0.051640776	-0.008413462
-0.050355236	-0.007572115
-0.0490699	-0.006730769
-0.047784748	-0.005889423
-0.046499748	-0.005048077
-0.045214888	-0.004206731
-0.055966192	-0.004206731
-0.054253692	-0.003365385
-0.052541304	-0.002524039
-0.050829	-0.001682692
-0.049116756	-0.000841346
-0.047404536	0
-0.04569232	0.000841346
-0.043980076	0.001682692
-0.042267772	0.002524039
-0.040555384	0.003365385
-0.038842884	0.004206731
-0.03181962	0.004206731
-0.030534756	0.005048077
-0.02924976	0.005889423
-0.027964604	0.006730769
-0.026679272	0.007572115
-0.025393732	0.008413462
-0.024107968	0.009254808
-0.022821956	0.010096154
-0.021535676	0.0109375
-0.0202491	0.011778846
-0.018962208	0.012620192
-0.00037126	0.012620192
-0.000860536	0.017608173
-0.001349484	0.022596154
-0.001838012	0.027584135
-0.002326024	0.032572115
-0.002813428	0.037560096
-0.003300132	0.042548077
-0.003786044	0.047536058
-0.004271068	0.052524038
-0.004755116	0.057512019
-0.005238088	0.0625
-0.265222056	0.0625
-0.263933032	0.063341346
-0.262642308	0.064182692
-0.261349868	0.065024038
-0.26005568	0.065865385
-0.258759732	0.066706731
-0.257461992	0.067548077
-0.256162444	0.068389423
-0.254861064	0.069230769
-0.253557828	0.070072115
-0.252252712	0.070913462
-0.313498916	0.070913462
-0.311771264	0.071754808
-0.310041188	0.072596154
-0.308308652	0.0734375
-0.306573636	0.074278846
-0.304836104	0.075120192
-0.303096032	0.075961538
-0.301353388	0.076802885
-0.299608148	0.077644231
-0.29786028	0.078485577
-0.296109756	0.079326923
-0.238651416	0.079326923
-0.237302224	0.080168269
-0.235950884	0.081009615
-0.234597372	0.081850962
-0.233241668	0.082692308
-0.231883744	0.083533654
-0.230523588	0.084375
-0.229161164	0.085216346
-0.22779646	0.086057692
-0.226429452	0.086899039
-0.225060112	0.087740385
-0.129981724	0.087740385
-0.12939452	0.088365385
-0.12880656	0.088990385
-0.128217836	0.089615385
-0.127628352	0.090240385
-0.127038096	0.090865385
-0.12644706	0.091490385
-0.125855248	0.092115385
-0.125262648	0.092740385
-0.124669252	0.093365385
-0.124075064	0.093990385
-0.056308472	0.093990385
-0.056051116	0.094591346
-0.055793424	0.095192308
-0.055535388	0.095793269
-0.055277012	0.096394231
-0.055018288	0.096995192
-0.054759216	0.097596154
-0.054499796	0.098197115
-0.054240024	0.098798077
-0.0539799	0.099399039
-0.053719416	0.1


5 layer	
sy	zkk
0.03157182	-0.1
0.03183326	-0.099399039
0.032094256	-0.098798077
0.032354812	-0.098197115
0.032614932	-0.097596154
0.032874616	-0.096995192
0.033133872	-0.096394231
0.033392696	-0.095793269
0.033651096	-0.095192308
0.033909072	-0.094591346
0.034166628	-0.093990385
0.075285768	-0.093990385
0.075881488	-0.093365385
0.076476216	-0.092740385
0.077069964	-0.092115385
0.077662732	-0.091490385
0.078254532	-0.090865385
0.078845372	-0.090240385
0.079435252	-0.089615385
0.08002418	-0.088990385
0.080612168	-0.088365385
0.081199216	-0.087740385
0.14059442	-0.087740385
0.144693196	-0.085216346
0.14876646	-0.082692308
0.152814968	-0.080168269
0.156839476	-0.077644231
0.160840744	-0.075120192
0.16481952	-0.072596154
0.16877656	-0.070072115
0.172712628	-0.067548077
0.176628468	-0.065024038
0.180524848	-0.0625
0.003568348	-0.0625
0.003098956	-0.057512019
0.002628232	-0.052524038
0.002156292	-0.047536058
0.001683252	-0.042548077
0.001209228	-0.037560096
0.000734336	-0.032572115
0.000258688	-0.027584135
-0.000217596	-0.022596154
-0.0006944	-0.017608173
-0.001171616	-0.012620192
-0.07395046	-0.012620192
-0.068786868	-0.010096154
-0.06362708	-0.007572115
-0.05847014	-0.005048077
-0.053315104	-0.002524039
-0.048161016	0
-0.043006928	0.002524039
-0.037851892	0.005048077
-0.032694952	0.007572115
-0.027535164	0.010096154
-0.022371572	0.012620192
-0.000371172	0.012620192
-0.000848384	0.017608173
-0.001325192	0.022596154
-0.001801476	0.027584135
-0.00227712	0.032572115
-0.002752012	0.037560096
-0.003226036	0.042548077
-0.003699076	0.047536058
-0.004171016	0.052524038
-0.00464174	0.057512019
-0.005111136	0.0625
-0.258786652	0.0625
-0.254890276	0.065024038
-0.250974432	0.067548077
-0.247038364	0.070072115
-0.243081324	0.072596154
-0.239102548	0.075120192
-0.235101284	0.077644231
-0.231076772	0.080168269
-0.227028264	0.082692308
-0.222955	0.085216346
-0.218856224	0.087740385
-0.126398716	0.087740385
-0.125811668	0.088365385
-0.12522368	0.088990385
-0.124634752	0.089615385
-0.124044868	0.090240385
-0.123454032	0.090865385
-0.122862232	0.091490385
-0.122269464	0.092115385
-0.121675716	0.092740385
-0.121080988	0.093365385
-0.120485268	0.093990385
-0.054679328	0.093990385
-0.054421776	0.094591346
-0.0541638	0.095192308
-0.0539054	0.095793269
-0.053646572	0.096394231
-0.05338732	0.096995192
-0.053127632	0.097596154
-0.052867512	0.098197115
-0.052606956	0.098798077
-0.05234596	0.099399039
-0.052084524	0.1



3 layers	
sy	zkk
0.032064368	-0.1
0.032441432	-0.099399039
0.032818232	-0.098798077
0.033194776	-0.098197115
0.033571056	-0.097596154
0.033947084	-0.096995192
0.034322852	-0.096394231
0.034698372	-0.095793269
0.035073636	-0.095192308
0.035448648	-0.094591346
0.035823416	-0.093990385
0.07893648	-0.093990385
0.079798556	-0.093365385
0.080660044	-0.092740385
0.081520956	-0.092115385
0.082381284	-0.091490385
0.083241044	-0.090865385
0.084100232	-0.090240385
0.084958852	-0.089615385
0.085816908	-0.088990385
0.086674412	-0.088365385
0.087531356	-0.087740385
0.197058176	-0.087740385
0.204682888	-0.085216346
0.2122876	-0.082692308
0.219872908	-0.080168269
0.2274394	-0.077644231
0.234987672	-0.075120192
0.24251832	-0.072596154
0.250031928	-0.070072115
0.257529092	-0.067548077
0.265010408	-0.065024039
0.27247646	-0.0625
0.004193532	-0.0625
0.00314734	-0.05
0.002096812	-0.0375
0.001043032	-0.025
-0.000012916	-0.0125
-0.001069948	0
-0.00212698	0.0125
-0.003182928	0.025
-0.004236708	0.0375
-0.005287236	0.05
-0.006333428	0.0625
-0.404233264	0.0625
-0.396767212	0.065024039
-0.389285896	0.067548077
-0.381788732	0.070072115
-0.374275124	0.072596154
-0.36674448	0.075120192
-0.359196204	0.077644231
-0.351629712	0.080168269
-0.344044404	0.082692308
-0.336439692	0.085216346
-0.328814984	0.087740385
-0.150395504	0.087740385
-0.149538556	0.088365385
-0.148681056	0.088990385
-0.147822996	0.089615385
-0.146964376	0.090240385
-0.146105188	0.090865385
-0.145245432	0.091490385
-0.1443851	0.092115385
-0.143524192	0.092740385
-0.1426627	0.093365385
-0.141800624	0.093990385
-0.064352792	0.093990385
-0.063978024	0.094591346
-0.063603012	0.095192308
-0.063227744	0.095793269
-0.062852228	0.096394231
-0.06247646	0.096995192
-0.062100432	0.097596154
-0.061724148	0.098197115
-0.061347608	0.098798077
-0.060970808	0.099399039
-0.060593744	0.1