11 Layer	
syz	zkk
0	-0.1
-0.00000788	-0.099399039
-0.0000157	-0.098798077
-0.0000235	-0.098197115
-0.00003122	-0.097596154
-0.00003892	-0.096995192
-0.00004656	-0.096394231
-0.00005414	-0.095793269
-0.0000617	-0.095192308
-0.00006918	-0.094591346
-0.00007664	-0.093990385
-0.00007664	-0.093990385
-0.00009896	-0.093365385
-0.00012112	-0.092740385
-0.00014314	-0.092115385
-0.000165	-0.091490385
-0.00018672	-0.090865385
-0.00020828	-0.090240385
-0.0002297	-0.089615385
-0.00025098	-0.088990385
-0.0002721	-0.088365385
-0.00029308	-0.087740385
-0.00029308	-0.087740385
-0.00032456	-0.086899039
-0.00035576	-0.086057692
-0.00038666	-0.085216346
-0.00041724	-0.084375
-0.00044752	-0.083533654
-0.0004775	-0.082692308
-0.00050718	-0.081850962
-0.00053656	-0.081009615
-0.00056562	-0.080168269
-0.0005944	-0.079326923
-0.0005944	-0.079326923
-0.00065448	-0.078485577
-0.00071392	-0.077644231
-0.00077274	-0.076802885
-0.0008309	-0.075961538
-0.00088842	-0.075120192
-0.00094532	-0.074278846
-0.00100156	-0.0734375
-0.00105716	-0.072596154
-0.00111212	-0.071754808
-0.00116644	-0.070913462
-0.00116644	-0.070913462
-0.00119188	-0.070072115
-0.001217	-0.069230769
-0.00124182	-0.068389423
-0.00126634	-0.067548077
-0.00129054	-0.066706731
-0.00131446	-0.065865385
-0.00133806	-0.065024038
-0.00136138	-0.064182692
-0.00138438	-0.063341346
-0.00140706	-0.0625
-0.00140706	-0.0625
-0.0014095	-0.057512019
-0.00141172	-0.052524038
-0.00141374	-0.047536058
-0.00141556	-0.042548077
-0.00141718	-0.037560096
-0.00141858	-0.032572115
-0.0014198	-0.027584135
-0.00142082	-0.022596154
-0.00142162	-0.017608173
-0.00142224	-0.012620192
-0.00142224	-0.012620192
-0.00142664	-0.011778846
-0.00143074	-0.0109375
-0.00143454	-0.010096154
-0.00143802	-0.009254808
-0.0014412	-0.008413462
-0.0014441	-0.007572115
-0.00144668	-0.006730769
-0.00144894	-0.005889423
-0.00145092	-0.005048077
-0.00145258	-0.004206731
-0.00145258	-0.004206731
-0.00145548	-0.003365385
-0.00145772	-0.002524039
-0.00145932	-0.001682692
-0.00146028	-0.000841346
-0.0014606	0
-0.00146028	0.000841346
-0.00145932	0.001682692
-0.00145772	0.002524039
-0.00145548	0.003365385
-0.00145258	0.004206731
-0.00145258	0.004206731
-0.00145092	0.005048077
-0.00144894	0.005889423
-0.00144668	0.006730769
-0.0014441	0.007572115
-0.0014412	0.008413462
-0.00143802	0.009254808
-0.00143454	0.010096154
-0.00143074	0.0109375
-0.00142664	0.011778846
-0.00142224	0.012620192
-0.00142224	0.012620192
-0.00142162	0.017608173
-0.00142082	0.022596154
-0.0014198	0.027584135
-0.00141858	0.032572115
-0.00141718	0.037560096
-0.00141556	0.042548077
-0.00141374	0.047536058
-0.00141172	0.052524038
-0.0014095	0.057512019
-0.00140706	0.0625
-0.00140706	0.0625
-0.00138438	0.063341346
-0.00136138	0.064182692
-0.00133806	0.065024038
-0.00131446	0.065865385
-0.00129054	0.066706731
-0.00126634	0.067548077
-0.00124182	0.068389423
-0.001217	0.069230769
-0.00119188	0.070072115
-0.00116644	0.070913462
-0.00116644	0.070913462
-0.00111212	0.071754808
-0.00105716	0.072596154
-0.00100156	0.0734375
-0.00094532	0.074278846
-0.00088842	0.075120192
-0.0008309	0.075961538
-0.00077274	0.076802885
-0.00071392	0.077644231
-0.00065448	0.078485577
-0.0005944	0.079326923
-0.0005944	0.079326923
-0.00056562	0.080168269
-0.00053656	0.081009615
-0.00050718	0.081850962
-0.0004775	0.082692308
-0.00044752	0.083533654
-0.00041724	0.084375
-0.00038666	0.085216346
-0.00035576	0.086057692
-0.00032456	0.086899039
-0.00029308	0.087740385
-0.00029308	0.087740385
-0.0002721	0.088365385
-0.00025098	0.088990385
-0.0002297	0.089615385
-0.00020828	0.090240385
-0.00018672	0.090865385
-0.000165	0.091490385
-0.00014314	0.092115385
-0.00012112	0.092740385
-0.00009896	0.093365385
-0.00007664	0.093990385
-0.00007664	0.093990385
-0.00006918	0.094591346
-0.0000617	0.095192308
-0.00005414	0.095793269
-0.00004656	0.096394231
-0.00003892	0.096995192
-0.00003122	0.097596154
-0.0000235	0.098197115
-0.0000157	0.098798077
-0.00000788	0.099399039
0	0.1



5 Layer	
syz	zkk
0	-0.1
-0.00000972	-0.099399039
-0.00001938	-0.098798077
-0.000029	-0.098197115
-0.00003854	-0.097596154
-0.00004802	-0.096995192
-0.00005746	-0.096394231
-0.00006682	-0.095793269
-0.00007614	-0.095192308
-0.0000854	-0.094591346
-0.00009458	-0.093990385
-0.00009458	-0.093990385
-0.00012212	-0.093365385
-0.00014948	-0.092740385
-0.00017666	-0.092115385
-0.00020364	-0.091490385
-0.00023044	-0.090865385
-0.00025706	-0.090240385
-0.0002835	-0.089615385
-0.00030976	-0.088990385
-0.00033582	-0.088365385
-0.0003617	-0.087740385
-0.0003617	-0.087740385
-0.0004772	-0.085216346
-0.00058934	-0.082692308
-0.0006981	-0.080168269
-0.00080348	-0.077644231
-0.0009055	-0.075120192
-0.00100414	-0.072596154
-0.00109942	-0.070072115
-0.00119132	-0.067548077
-0.00127986	-0.065024038
-0.00136502	-0.0625
-0.00136502	-0.0625
-0.001368	-0.057512019
-0.00137074	-0.052524038
-0.00137324	-0.047536058
-0.00137548	-0.042548077
-0.00137748	-0.037560096
-0.00137924	-0.032572115
-0.00138074	-0.027584135
-0.00138198	-0.022596154
-0.00138298	-0.017608173
-0.00138374	-0.012620192
-0.00138374	-0.012620192
-0.00141576	-0.010096154
-0.00144068	-0.007572115
-0.00145846	-0.005048077
-0.00146914	-0.002524039
-0.0014727	0
-0.00146914	0.002524039
-0.00145846	0.005048077
-0.00144068	0.007572115
-0.00141576	0.010096154
-0.00138374	0.012620192
-0.00138374	0.012620192
-0.00138298	0.017608173
-0.00138198	0.022596154
-0.00138074	0.027584135
-0.00137924	0.032572115
-0.00137748	0.037560096
-0.00137548	0.042548077
-0.00137324	0.047536058
-0.00137074	0.052524038
-0.001368	0.057512019
-0.00136502	0.0625
-0.00136502	0.0625
-0.00127986	0.065024038
-0.00119132	0.067548077
-0.00109942	0.070072115
-0.00100414	0.072596154
-0.0009055	0.075120192
-0.00080348	0.077644231
-0.0006981	0.080168269
-0.00058934	0.082692308
-0.0004772	0.085216346
-0.0003617	0.087740385
-0.0003617	0.087740385
-0.00033582	0.088365385
-0.00030976	0.088990385
-0.0002835	0.089615385
-0.00025706	0.090240385
-0.00023044	0.090865385
-0.00020364	0.091490385
-0.00017666	0.092115385
-0.00014948	0.092740385
-0.00012212	0.093365385
-0.00009458	0.093990385
-0.00009458	0.093990385
-0.0000854	0.094591346
-0.00007614	0.095192308
-0.00006682	0.095793269
-0.00005746	0.096394231
-0.00004802	0.096995192
-0.00003854	0.097596154
-0.000029	0.098197115
-0.00001938	0.098798077
-0.00000972	0.099399039
0	0.1




3 Layer	
syz	zkk
0	-0.1
-0.00000562	-0.099399039
-0.0000112	-0.098798077
-0.00001676	-0.098197115
-0.00002228	-0.097596154
-0.00002776	-0.096995192
-0.00003322	-0.096394231
-0.00003864	-0.095793269
-0.00004402	-0.095192308
-0.00004938	-0.094591346
-0.0000547	-0.093990385
-0.0000547	-0.093990385
-0.00007062	-0.093365385
-0.00008644	-0.092740385
-0.00010214	-0.092115385
-0.00011774	-0.091490385
-0.00013324	-0.090865385
-0.00014864	-0.090240385
-0.00016392	-0.089615385
-0.0001791	-0.088990385
-0.00019418	-0.088365385
-0.00020914	-0.087740385
-0.00020914	-0.087740385
-0.00035012	-0.085216346
-0.000487	-0.082692308
-0.00061976	-0.080168269
-0.0007484	-0.077644231
-0.00087292	-0.075120192
-0.00099334	-0.072596154
-0.00110964	-0.070072115
-0.00122182	-0.067548077
-0.00132988	-0.065024039
-0.00143384	-0.0625
-0.00143384	-0.0625
-0.0014379	-0.05
-0.00144106	-0.0375
-0.00144332	-0.025
-0.00144468	-0.0125
-0.00144512	0
-0.00144468	0.0125
-0.00144332	0.025
-0.00144106	0.0375
-0.0014379	0.05
-0.00143384	0.0625
-0.00143384	0.0625
-0.00132988	0.065024039
-0.00122182	0.067548077
-0.00110964	0.070072115
-0.00099334	0.072596154
-0.00087292	0.075120192
-0.0007484	0.077644231
-0.00061976	0.080168269
-0.000487	0.082692308
-0.00035012	0.085216346
-0.00020914	0.087740385
-0.00020914	0.087740385
-0.00019418	0.088365385
-0.0001791	0.088990385
-0.00016392	0.089615385
-0.00014864	0.090240385
-0.00013324	0.090865385
-0.00011774	0.091490385
-0.00010214	0.092115385
-0.00008644	0.092740385
-0.00007062	0.093365385
-0.0000547	0.093990385
-0.0000547	0.093990385
-0.00004938	0.094591346
-0.00004402	0.095192308
-0.00003864	0.095793269
-0.00003322	0.096394231
-0.00002776	0.096995192
-0.00002228	0.097596154
-0.00001676	0.098197115
-0.0000112	0.098798077
-0.00000562	0.099399039
0	0.1