11 layer	
ux	zkk
0.258664	-0.1
0.253512	-0.099399039
0.24836	-0.098798077
0.243208	-0.098197115
0.238056	-0.097596154
0.23296	-0.096995192
0.227808	-0.096394231
0.222656	-0.095793269
0.217504	-0.095192308
0.212408	-0.094591346
0.207256	-0.093990385
0.207256	-0.093990385
0.201936	-0.093365385
0.19656	-0.092740385
0.19124	-0.092115385
0.185864	-0.091490385
0.180544	-0.090865385
0.175224	-0.090240385
0.169904	-0.089615385
0.164584	-0.088990385
0.159264	-0.088365385
0.153944	-0.087740385
0.153944	-0.087740385
0.146776	-0.086899039
0.139608	-0.086057692
0.13244	-0.085216346
0.125328	-0.084375
0.11816	-0.083533654
0.111048	-0.082692308
0.103936	-0.081850962
0.096824	-0.081009615
0.089712	-0.080168269
0.0826	-0.079326923
0.0826	-0.079326923
0.0756	-0.078485577
0.068656	-0.077644231
0.061712	-0.076802885
0.054768	-0.075961538
0.047824	-0.075120192
0.04088	-0.074278846
0.033936	-0.0734375
0.026992	-0.072596154
0.020104	-0.071754808
0.01316	-0.070913462
0.01316	-0.070913462
0.006104	-0.070072115
-0.000952	-0.069230769
-0.008064	-0.068389423
-0.01512	-0.067548077
-0.022176	-0.066706731
-0.029232	-0.065865385
-0.036288	-0.065024038
-0.043288	-0.064182692
-0.050344	-0.063341346
-0.0574	-0.0625
-0.0574	-0.0625
-0.043288	-0.057512019
-0.029064	-0.052524038
-0.014728	-0.047536058
-0.000224	-0.042548077
0.014336	-0.037560096
0.029008	-0.032572115
0.043736	-0.027584135
0.058576	-0.022596154
0.073416	-0.017608173
0.088368	-0.012620192
0.088368	-0.012620192
0.081312	-0.011778846
0.074312	-0.0109375
0.067256	-0.010096154
0.060256	-0.009254808
0.0532	-0.008413462
0.0462	-0.007572115
0.039144	-0.006730769
0.032144	-0.005889423
0.025144	-0.005048077
0.018088	-0.004206731
0.018088	-0.004206731
0.011312	-0.003365385
0.00448	-0.002524039
-0.002296	-0.001682692
-0.009072	-0.000841346
-0.015904	0
-0.02268	0.000841346
-0.029456	0.001682692
-0.036288	0.002524039
-0.043064	0.003365385
-0.04984	0.004206731
-0.04984	0.004206731
-0.056896	0.005048077
-0.063896	0.005889423
-0.070952	0.006730769
-0.077952	0.007572115
-0.085008	0.008413462
-0.092008	0.009254808
-0.099064	0.010096154
-0.106064	0.0109375
-0.11312	0.011778846
-0.12012	0.012620192
-0.12012	0.012620192
-0.105224	0.017608173
-0.090328	0.022596154
-0.075488	0.027584135
-0.06076	0.032572115
-0.046088	0.037560096
-0.031528	0.042548077
-0.017024	0.047536058
-0.002688	0.052524038
0.011536	0.057512019
0.025592	0.0625
0.025592	0.0625
0.018592	0.063341346
0.011536	0.064182692
0.00448	0.065024038
-0.002576	0.065865385
-0.009576	0.066706731
-0.016688	0.067548077
-0.023744	0.068389423
-0.0308	0.069230769
-0.037856	0.070072115
-0.044968	0.070913462
-0.044968	0.070913462
-0.051856	0.071754808
-0.0588	0.072596154
-0.065688	0.0734375
-0.072632	0.074278846
-0.079576	0.075120192
-0.08652	0.075961538
-0.093464	0.076802885
-0.100408	0.077644231
-0.107408	0.078485577
-0.114352	0.079326923
-0.114352	0.079326923
-0.121464	0.080168269
-0.128576	0.081009615
-0.135688	0.081850962
-0.1428	0.082692308
-0.149968	0.083533654
-0.15708	0.084375
-0.164248	0.085216346
-0.17136	0.086057692
-0.178528	0.086899039
-0.185696	0.087740385
-0.185696	0.087740385
-0.191016	0.088365385
-0.196336	0.088990385
-0.201656	0.089615385
-0.206976	0.090240385
-0.212296	0.090865385
-0.217672	0.091490385
-0.222992	0.092115385
-0.228312	0.092740385
-0.233688	0.093365385
-0.239008	0.093990385
-0.239008	0.093990385
-0.24416	0.094591346
-0.249312	0.095192308
-0.254408	0.095793269
-0.25956	0.096394231
-0.264712	0.096995192
-0.269864	0.097596154
-0.27496	0.098197115
-0.280112	0.098798077
-0.285264	0.099399039
-0.290472	0.1





5 layer	
ux	zkk
0.260288	-0.1
0.25508	-0.099399039
0.249872	-0.098798077
0.244608	-0.098197115
0.2394	-0.097596154
0.234192	-0.096995192
0.228984	-0.096394231
0.223776	-0.095793269
0.218568	-0.095192308
0.21336	-0.094591346
0.208152	-0.093990385
0.208152	-0.093990385
0.20272	-0.093365385
0.197288	-0.092740385
0.191856	-0.092115385
0.186424	-0.091490385
0.181048	-0.090865385
0.175616	-0.090240385
0.170184	-0.089615385
0.164808	-0.088990385
0.159376	-0.088365385
0.154	-0.087740385
0.154	-0.087740385
0.132216	-0.085216346
0.110432	-0.082692308
0.08876	-0.080168269
0.067088	-0.077644231
0.045472	-0.075120192
0.023912	-0.072596154
0.002408	-0.070072115
-0.019096	-0.067548077
-0.040544	-0.065024038
-0.061992	-0.0625
-0.061992	-0.0625
-0.047432	-0.057512019
-0.032816	-0.052524038
-0.018032	-0.047536058
-0.003192	-0.042548077
0.01176	-0.037560096
0.026824	-0.032572115
0.041944	-0.027584135
0.05712	-0.022596154
0.072296	-0.017608173
0.087584	-0.012620192
0.087584	-0.012620192
0.066864	-0.010096154
0.046144	-0.007572115
0.02548	-0.005048077
0.00476	-0.002524039
-0.01596	0
-0.036624	0.002524039
-0.057344	0.005048077
-0.078008	0.007572115
-0.098728	0.010096154
-0.119448	0.012620192
-0.119448	0.012620192
-0.104216	0.017608173
-0.088984	0.022596154
-0.073808	0.027584135
-0.058688	0.032572115
-0.043624	0.037560096
-0.028672	0.042548077
-0.013832	0.047536058
0.000952	0.052524038
0.015568	0.057512019
0.030072	0.0625
0.030072	0.0625
0.00868	0.065024038
-0.012768	0.067548077
-0.034272	0.070072115
-0.055776	0.072596154
-0.077336	0.075120192
-0.098952	0.077644231
-0.120624	0.080168269
-0.142352	0.082692308
-0.16408	0.085216346
-0.185864	0.087740385
-0.185864	0.087740385
-0.19124	0.088365385
-0.196672	0.088990385
-0.202104	0.089615385
-0.20748	0.090240385
-0.212912	0.090865385
-0.218344	0.091490385
-0.22372	0.092115385
-0.229152	0.092740385
-0.234584	0.093365385
-0.240016	0.093990385
-0.240016	0.093990385
-0.245224	0.094591346
-0.250432	0.095192308
-0.25564	0.095793269
-0.260848	0.096394231
-0.266056	0.096995192
-0.271264	0.097596154
-0.276528	0.098197115
-0.281736	0.098798077
-0.286944	0.099399039
-0.292208	0.1


3 layer	
ux	zkk
0.33572	-0.1
0.329224	-0.099399039
0.322784	-0.098798077
0.316344	-0.098197115
0.309904	-0.097596154
0.303464	-0.096995192
0.297024	-0.096394231
0.290584	-0.095793269
0.284144	-0.095192308
0.27776	-0.094591346
0.27132	-0.093990385
0.27132	-0.093990385
0.2646	-0.093365385
0.257936	-0.092740385
0.251216	-0.092115385
0.244552	-0.091490385
0.237832	-0.090865385
0.231168	-0.090240385
0.224504	-0.089615385
0.21784	-0.088990385
0.211176	-0.088365385
0.204512	-0.087740385
0.204512	-0.087740385
0.177968	-0.085216346
0.15148	-0.082692308
0.125048	-0.080168269
0.098672	-0.077644231
0.072408	-0.075120192
0.0462	-0.072596154
0.020048	-0.070072115
-0.005992	-0.067548077
-0.032032	-0.065024039
-0.058016	-0.0625
-0.058016	-0.0625
-0.050456	-0.05
-0.041776	-0.0375
-0.032312	-0.025
-0.022344	-0.0125
-0.01204	0
-0.001736	0.0125
0.008288	0.025
0.017752	0.0375
0.026376	0.05
0.033936	0.0625
0.033936	0.0625
0.007952	0.065024039
-0.018032	0.067548077
-0.044128	0.070072115
-0.07028	0.072596154
-0.096488	0.075120192
-0.122752	0.077644231
-0.149128	0.080168269
-0.17556	0.082692308
-0.202048	0.085216346
-0.228592	0.087740385
-0.228592	0.087740385
-0.235256	0.088365385
-0.24192	0.088990385
-0.248584	0.089615385
-0.255248	0.090240385
-0.261912	0.090865385
-0.268632	0.091490385
-0.275296	0.092115385
-0.282016	0.092740385
-0.28868	0.093365385
-0.2954	0.093990385
-0.2954	0.093990385
-0.301784	0.094591346
-0.308224	0.095192308
-0.314664	0.095793269
-0.321104	0.096394231
-0.327544	0.096995192
-0.333984	0.097596154
-0.340424	0.098197115
-0.346864	0.098798077
-0.353304	0.099399039
-0.3598	0.1
