11 Layer:	
uy	zkk
0.217	-0.1
0.21056	-0.099399039
0.204064	-0.098798077
0.197624	-0.098197115
0.191184	-0.097596154
0.184744	-0.096995192
0.178248	-0.096394231
0.171808	-0.095793269
0.165368	-0.095192308
0.158928	-0.094591346
0.152488	-0.093990385
0.152488	-0.093990385
0.145824	-0.093365385
0.139104	-0.092740385
0.132384	-0.092115385
0.12572	-0.091490385
0.119	-0.090865385
0.11228	-0.090240385
0.105616	-0.089615385
0.098896	-0.088990385
0.092232	-0.088365385
0.085568	-0.087740385
0.085568	-0.087740385
0.076552	-0.086899039
0.067536	-0.086057692
0.058576	-0.085216346
0.04956	-0.084375
0.0406	-0.083533654
0.03164	-0.082692308
0.02268	-0.081850962
0.01372	-0.081009615
0.004704	-0.080168269
-0.0042	-0.079326923
-0.0042	-0.079326923
-0.013216	-0.078485577
-0.022232	-0.077644231
-0.031192	-0.076802885
-0.040208	-0.075961538
-0.049168	-0.075120192
-0.058184	-0.074278846
-0.067144	-0.0734375
-0.076104	-0.072596154
-0.085064	-0.071754808
-0.094024	-0.070913462
-0.094024	-0.070913462
-0.102928	-0.070072115
-0.111776	-0.069230769
-0.120624	-0.068389423
-0.129472	-0.067548077
-0.13832	-0.066706731
-0.147168	-0.065865385
-0.156016	-0.065024038
-0.164864	-0.064182692
-0.173656	-0.063341346
-0.182504	-0.0625
-0.182504	-0.0625
-0.167664	-0.057512019
-0.152656	-0.052524038
-0.137592	-0.047536058
-0.122416	-0.042548077
-0.107184	-0.037560096
-0.09184	-0.032572115
-0.07644	-0.027584135
-0.060984	-0.022596154
-0.045472	-0.017608173
-0.02996	-0.012620192
-0.02996	-0.012620192
-0.038808	-0.011778846
-0.0476	-0.0109375
-0.056448	-0.010096154
-0.06524	-0.009254808
-0.074088	-0.008413462
-0.082936	-0.007572115
-0.091728	-0.006730769
-0.100576	-0.005889423
-0.109368	-0.005048077
-0.118216	-0.004206731
-0.118216	-0.004206731
-0.12712	-0.003365385
-0.13608	-0.002524039
-0.14504	-0.001682692
-0.153944	-0.000841346
-0.162904	0
-0.171864	0.000841346
-0.180768	0.001682692
-0.189728	0.002524039
-0.198688	0.003365385
-0.207592	0.004206731
-0.207592	0.004206731
-0.21644	0.005048077
-0.225232	0.005889423
-0.23408	0.006730769
-0.242872	0.007572115
-0.25172	0.008413462
-0.260512	0.009254808
-0.26936	0.010096154
-0.278208	0.0109375
-0.287	0.011778846
-0.295848	0.012620192
-0.295848	0.012620192
-0.280336	0.017608173
-0.264824	0.022596154
-0.249368	0.027584135
-0.233968	0.032572115
-0.218624	0.037560096
-0.203392	0.042548077
-0.188216	0.047536058
-0.173152	0.052524038
-0.158144	0.057512019
-0.143304	0.0625
-0.143304	0.0625
-0.152096	0.063341346
-0.160944	0.064182692
-0.169792	0.065024038
-0.17864	0.065865385
-0.187488	0.066706731
-0.196336	0.067548077
-0.205184	0.068389423
-0.214032	0.069230769
-0.22288	0.070072115
-0.231784	0.070913462
-0.231784	0.070913462
-0.240744	0.071754808
-0.249704	0.072596154
-0.258664	0.0734375
-0.267624	0.074278846
-0.27664	0.075120192
-0.2856	0.075961538
-0.29456	0.076802885
-0.303576	0.077644231
-0.312592	0.078485577
-0.321552	0.079326923
-0.321552	0.079326923
-0.330512	0.080168269
-0.339472	0.081009615
-0.348488	0.081850962
-0.357448	0.082692308
-0.366408	0.083533654
-0.375368	0.084375
-0.384384	0.085216346
-0.393344	0.086057692
-0.40236	0.086899039
-0.411376	0.087740385
-0.411376	0.087740385
-0.41804	0.088365385
-0.424704	0.088990385
-0.431424	0.089615385
-0.438088	0.090240385
-0.444808	0.090865385
-0.451472	0.091490385
-0.458192	0.092115385
-0.464912	0.092740385
-0.471632	0.093365385
-0.478296	0.093990385
-0.478296	0.093990385
-0.484736	0.094591346
-0.491176	0.095192308
-0.497616	0.095793269
-0.504056	0.096394231
-0.510496	0.096995192
-0.516992	0.097596154
-0.523432	0.098197115
-0.529872	0.098798077
-0.536312	0.099399039
-0.542808	0.1

5 Layer:	
uy	zkk
0.240968	-0.1
0.234472	-0.099399039
0.227976	-0.098798077
0.22148	-0.098197115
0.21504	-0.097596154
0.208544	-0.096995192
0.202048	-0.096394231
0.195552	-0.095793269
0.189112	-0.095192308
0.182616	-0.094591346
0.176176	-0.093990385
0.176176	-0.093990385
0.1694	-0.093365385
0.16268	-0.092740385
0.15596	-0.092115385
0.149184	-0.091490385
0.142464	-0.090865385
0.135744	-0.090240385
0.129024	-0.089615385
0.122304	-0.088990385
0.115584	-0.088365385
0.108864	-0.087740385
0.108864	-0.087740385
0.08176	-0.085216346
0.054712	-0.082692308
0.02772	-0.080168269
0.000784	-0.077644231
-0.026152	-0.075120192
-0.052976	-0.072596154
-0.0798	-0.070072115
-0.106568	-0.067548077
-0.13328	-0.065024038
-0.159992	-0.0625
-0.159992	-0.0625
-0.147448	-0.057512019
-0.134792	-0.052524038
-0.122024	-0.047536058
-0.109088	-0.042548077
-0.096096	-0.037560096
-0.082992	-0.032572115
-0.069832	-0.027584135
-0.05656	-0.022596154
-0.043288	-0.017608173
-0.02996	-0.012620192
-0.02996	-0.012620192
-0.056952	-0.010096154
-0.083944	-0.007572115
-0.11088	-0.005048077
-0.137872	-0.002524039
-0.164864	0
-0.1918	0.002524039
-0.218792	0.005048077
-0.245784	0.007572115
-0.272776	0.010096154
-0.299768	0.012620192
-0.299768	0.012620192
-0.28644	0.017608173
-0.273112	0.022596154
-0.259896	0.027584135
-0.24668	0.032572115
-0.233632	0.037560096
-0.220584	0.042548077
-0.207704	0.047536058
-0.194936	0.052524038
-0.182224	0.057512019
-0.169736	0.0625
-0.169736	0.0625
-0.196392	0.065024038
-0.22316	0.067548077
-0.249928	0.070072115
-0.276696	0.072596154
-0.303576	0.075120192
-0.330456	0.077644231
-0.357392	0.080168269
-0.38444	0.082692308
-0.411488	0.085216346
-0.438592	0.087740385
-0.438592	0.087740385
-0.445312	0.088365385
-0.451976	0.088990385
-0.458752	0.089615385
-0.465472	0.090240385
-0.472192	0.090865385
-0.478912	0.091490385
-0.485632	0.092115385
-0.492408	0.092740385
-0.499128	0.093365385
-0.505848	0.093990385
-0.505848	0.093990385
-0.512344	0.094591346
-0.518784	0.095192308
-0.52528	0.095793269
-0.531776	0.096394231
-0.538216	0.096995192
-0.544712	0.097596154
-0.551208	0.098197115
-0.557704	0.098798077
-0.5642	0.099399039
-0.570696	0.1




3 Layer	
uy	zkk
0.29624	-0.1
0.287896	-0.099399039
0.279552	-0.098798077
0.271208	-0.098197115
0.262864	-0.097596154
0.25452	-0.096995192
0.246176	-0.096394231
0.237888	-0.095793269
0.229544	-0.095192308
0.2212	-0.094591346
0.212912	-0.093990385
0.212912	-0.093990385
0.204232	-0.093365385
0.195552	-0.092740385
0.186872	-0.092115385
0.178248	-0.091490385
0.169568	-0.090865385
0.160888	-0.090240385
0.152264	-0.089615385
0.143584	-0.088990385
0.13496	-0.088365385
0.12628	-0.087740385
0.12628	-0.087740385
0.091336	-0.085216346
0.056392	-0.082692308
0.021448	-0.080168269
-0.01344	-0.077644231
-0.048328	-0.075120192
-0.08316	-0.072596154
-0.117936	-0.070072115
-0.152712	-0.067548077
-0.187488	-0.065024039
-0.222208	-0.0625
-0.222208	-0.0625
-0.220752	-0.05
-0.218792	-0.0375
-0.216552	-0.025
-0.214088	-0.0125
-0.211456	0
-0.20888	0.0125
-0.206416	0.025
-0.20412	0.0375
-0.202216	0.05
-0.200704	0.0625
-0.200704	0.0625
-0.23548	0.065024039
-0.2702	0.067548077
-0.304976	0.070072115
-0.339808	0.072596154
-0.37464	0.075120192
-0.409528	0.077644231
-0.444416	0.080168269
-0.479304	0.082692308
-0.514248	0.085216346
-0.549248	0.087740385
-0.549248	0.087740385
-0.557872	0.088365385
-0.566552	0.088990385
-0.575176	0.089615385
-0.583856	0.090240385
-0.592536	0.090865385
-0.60116	0.091490385
-0.60984	0.092115385
-0.61852	0.092740385
-0.627144	0.093365385
-0.635824	0.093990385
-0.635824	0.093990385
-0.644168	0.094591346
-0.652512	0.095192308
-0.6608	0.095793269
-0.669144	0.096394231
-0.677488	0.096995192
-0.685832	0.097596154
-0.694176	0.098197115
-0.702464	0.098798077
-0.710808	0.099399039
-0.719152	0.1